230 0 0 255
150 20 20 255
255 255 0 255
79 112 31 255
0 191 25 255
0 255 25 255
51 0 204 255
151 2 214 255
DIV:Mr.No ody's Standard

230 87 20 255
230 160 20 255
191 46 123 255
200 80 140 255
99 0 30 255
0 125 0 255
34 150 69 255
100 175 80 255
0 36 85 255
27 117 196 255
255 255 255 255
0 0 0 255
DIV:Bold

236 131 173 255
255 154 108 255
255 180 130 255
255 224 156 255
244 224 200 255
200 235 125 255
0 0 0 255
143 237 245 255
69 191 242 255
190 190 225 255
61 89 171 255
178 169 231 255
DIV:Soft

170 0 0 179
255 102 0 179
253 245 0 179
0 255 0 179
0 120 50 179
51 0 204 179
0 51 163 179
27 117 196 178
140 179 255 102
0 0 0 100
255 255 255 30
0 0 0 0
DIV:Transparent

230 230 230 255
217 217 217 255
185 185 185 255
166 166 166 255
153 153 153 255
140 140 140 255
128 128 128 255
115 115 115 255
102 102 102 255
76 76 76 255
51 51 51 255
25 25 25 255
DIV:Greyscale

113 76 10 255
107 66 38 255
81 61 30 255
100 50 20 255
130 60 30 255
50 20 5 255
DIV:Browns

